# Created by Octave 3.8.1, Fri Apr 28 00:56:54 2017 BDT <ismailu@ismailu-X555LF>
# name: t
# type: matrix
# rows: 100
# columns: 2
 0.07171739495618316 0.09921123862329877
 0.8513295057546476 0.02237991787542308
 0.6434366252616294 0.3252266868693386
 0.5969390060641432 0.1919758179474257
 0.4940509855489372 0.2351399667865459
 0.2362288462340987 0.9853727878286256
 0.04761600038289064 0.18917148553201
 0.4437048489621158 0.0002723551285617631
 0.4066647259405722 0.8097883124859685
 0.04399849923583547 0.0092550603315265
 0.4135110341921596 0.2912118148426016
 0.6066319664954007 0.003428923423671226
 0.1337645243055308 0.8325791110261931
 0.1306072654484842 0.6464046926190636
 0.9848362102022421 0.2343852439545394
 0.05126522316781494 0.9977791221491441
 0.5616034859770793 0.5597534708591845
 0.6732031083109691 0.5380178695286421
 0.2311554489968105 0.08455447116653152
 0.2649324678542018 0.6544183418494235
 0.9169351929849692 0.9981236556654514
 0.0009785772784865366 0.03740224944816721
 0.7939492538781764 0.5300597303158769
 0.9899271893645639 0.3461823083045648
 0.2734169286411192 0.04584974688503944
 0.6561212442114945 0.5244376380430458
 0.4209074591235338 0.1611719857547045
 0.508227586625179 0.2012052962981677
 0.08718285563806864 0.6704086436975151
 0.9261531940015409 0.7863657217143286
 0.439650568024485 0.1812963752647701
 0.4394217133989493 0.8794253619205398
 0.6304149460194066 0.7379611910645452
 0.4874194432073863 0.8122455057035386
 0.8488591584658337 0.6659462711636415
 0.3160284090394239 0.7139237659358317
 0.3618212416436415 0.9721168472890506
 0.5247439885664239 0.04526288092986701
 0.4397216821213117 0.4504563752816592
 0.1590540987144587 0.7317615896526415
 0.4697520793837098 0.03291605274126412
 0.3534150073444309 0.9277994534587459
 0.6828828755355947 0.3451546865705191
 0.7561332404318726 0.5197537712159558
 0.9591438579443285 0.4076007122022781
 0.7322919513324787 0.2403089162289088
 0.9558464244172636 0.002199128736661993
 0.1079101650875069 0.5554019167855958
 0.08559279008133207 0.5324343308568389
 0.9146102113750616 0.7703789457109256
 0.1021488657707227 0.2142915184621498
 0.7797434314832005 0.1546544917173031
 0.4152894265631031 0.682501903519128
 0.6616576622443713 0.3405332546171728
 0.6963214438952583 0.7283336529475682
 0.8913181151086313 0.8394407283279598
 0.7580314877993573 0.6676757651940141
 0.00171273692942735 0.5995227882456609
 0.9668526895427451 0.6409710615072055
 0.001604102644808525 0.2942972427836072
 0.418903647727376 0.2020630183995457
 0.04626399820913844 0.4213828888381551
 0.5133525706819724 0.9148300659413482
 0.04202729132767495 0.6909990605235894
 0.6348852556632234 0.3273373383910044
 0.9551962754817819 0.9011095837691772
 0.02822006004679472 0.2289038085580214
 0.6284369375522828 0.6127371582268918
 0.5378319551570317 0.8480589593979795
 0.8870326626809687 0.7823061861523299
 0.9219175486004987 0.09426568343626389
 0.03683302922806657 0.09615233046945797
 0.3676801201932435 0.94232533066298
 0.3955176672219633 0.5873920402171592
 0.9322324794498146 0.3190973406007953
 0.863007700008662 0.4115082380039053
 0.6711340397285277 0.8650514991020215
 0.9884248851667905 0.2466931457718748
 0.3625421066642595 0.04647511153661536
 0.2407585709920679 0.2076768855217129
 0.6418917908961785 0.5801165915310689
 0.2816736403840585 0.8152690068155604
 0.8985976667977813 0.1756712082882434
 0.906765102683843 0.615627144097787
 0.553578364690228 0.8851357629774614
 0.3785732198047319 0.6898543650356802
 0.08317052701461973 0.5347795346389931
 0.3523627801085976 0.8996283707822385
 0.7034111988051194 0.9854373399581215
 0.6792521354958978 0.006788536755867258
 0.7967673891208908 0.9458499447775857
 0.409851831091055 0.9180160312990429
 0.2573293225451149 0.7042850289960549
 0.06964132353132206 0.1744202367806207
 0.406155523374405 0.4666054169129057
 0.5571494557470623 0.6998157011043593
 0.1404097423927677 0.1010081571995814
 0.8312038418274542 0.07206993584866055
 0.3787818917699937 0.9356120065646771
 0.03106502479530287 0.05181172107351743


